# GIMP colorrc
# 
# This file holds a list of recently used colors.

(color-history
    (color-rgba 1 1 1 1)
    (color-rgba 0.87058824300765991 0.7921568751335144 0 1)
    (color-rgba 0.44118534291544675 0.29411764705882354 0.51372549019607838 1)
    (color-rgba 0.29411764705882354 0.41176470588235292 0.51372549019607838 1)
    (color-rgba 0.73725491762161255 0.61960786581039429 0.46274510025978088 1)
    (color-rgba 0 0 0 1)
    (color-rgba 0.42745098039215684 0.41960784313725491 0.48627450980392156 1)
    (color-rgba 0.68627450980392157 0.65098039215686276 0.59999999999999998 1)
    (color-rgba 0.46666666666666667 0.45490196078431372 0.54117647058823526 1)
    (color-rgba 0.81568627450980391 0.81176470588235294 0.69803921568627447 1)
    (color-rgba 0.27058823529411763 0.27058823529411763 1 1)
    (color-rgba 0 0 0.80392156862745101 1)
    (color-rgba 0.74509803921568629 0.5725490196078431 0.5725490196078431 1)
    (color-rgba 1 0.64429530201342278 0.81168574812475325 1)
    (color-rgba 0.39215686274509803 0.54509803921568623 0.70196078431372544 1)
    (color-rgba 0.33333333333333331 0.33333333333333331 0.33333333333333331 1)
    (color-rgba 0.41568627450980394 0.41568627450980394 0.41568627450980394 1)
    (color-rgba 0.37647058823529411 0.37647058823529411 0.37647058823529411 1)
    (color-rgba 0.56862745098039214 0.56862745098039214 0.56862745098039214 1)
    (color-rgba 0.51764705882352946 0.51764705882352946 0.51764705882352946 1)
    (color-rgba 0.59999999999999998 0.59999999999999998 0.59999999999999998 1)
    (color-rgba 0.80392156862745101 0.80392156862745101 0.80392156862745101 1)
    (color-rgba 0.7686274509803922 0.7686274509803922 0.7686274509803922 1)
    (color-rgba 0.63137257099151611 0.5372549295425415 0.22352941334247589 1)
    (color-rgba 0.72549019607843135 0.72549019607843135 0.72549019607843135 1)
    (color-rgba 0.65882354974746704 0.56078433990478516 0.23529411852359772 1)
    (color-rgba 0.75686274509803919 0.75686274509803919 0.75686274509803919 1)
    (color-rgba 0 0 1 1)
    (color-rgba 1 0 0 1)
    (color-rgba 0.5 0.5 0.5 1)
    (color-rgba 0.83921575546264648 1 0.87058830261230469 1)
    (color-rgba 0 0 0 0)
    (color-rgba 0.71764707565307617 0.72156864404678345 0.80392163991928101 1)
    (color-rgba 0.70196080207824707 0.70588237047195435 0.79215693473815918 1)
    (color-rgba 0.85098046064376831 0.85098046064376831 0.84705889225006104 1)
    (color-rgba 0.82325581395348835 0.82325581395348835 0.82325581395348835 1)
    (color-rgba 0.90196078431372551 0.59999999999999998 0.41568627450980394 1)
    (color-rgba 0.39164954029204946 0 0.67906976744186043 1)
    (color-rgba 0.55348837209302326 0.39798984395700931 0.28603090369907913 1)
    (color-rgba 0.61395348837209296 0.25700378583017852 0 1)
    (color-rgba 1 0.65540814733884822 0.10738255033557043 1)
    (color-rgba 1 0.94044014359294514 0.75838926174496646 1)
    (color-rgba 0.59534883720930232 0.59534883720930232 0.59534883720930232 1)
    (color-rgba 0.9960784912109375 0.61568629741668701 0.85490202903747559 1)
    (color-rgba 0.031372550874948502 0.21960785984992981 0.16078431904315948 1)
    (color-rgba 0 0.21960785984992981 0.12549020349979401 1)
    (color-rgba 0.40465116279069768 0.2444201654440456 0.40092486052682202 1)
    (color-rgba 0.75348837209302322 0.75348837209302322 0.75348837209302322 1)
    (color-rgba 0.27843138575553894 0.58039218187332153 0.73333334922790527 1)
    (color-rgba 0.31764706969261169 0.30588236451148987 0.3333333432674408 1)
    (color-rgba 0.44547322877230922 0 0.46046511627906972 1)
    (color-rgba 0.23398593834505138 0 0.24186046511627912 1)
    (color-rgba 0.38604651162790693 0.020727329483377566 0.35716080885368823 1)
    (color-rgba 0.39534883720930236 0.24145465896675514 0.38318046032500785 1)
    (color-rgba 0.49302325581395345 0.092648665522085186 0.34288284784374878 1)
    (color-rgba 1 0.62352943420410156 0.85882359743118286 1)
    (color-rgba 0.42352944612503052 0.40000003576278687 0.43137258291244507 1)
    (color-rgba 0.56470590829849243 0.53333336114883423 0.57254904508590698 1)
    (color-rgba 0.30232558139534882 0 0.26154678204434839 1)
    (color-rgba 0.78000500905622838 0.78139534883720929 0.48247229592633056 1)
    (color-rgba 0.87906976744186049 0 0 1)
    (color-rgba 0.47906976744186047 0.47906976744186047 0.47906976744186047 1)
    (color-rgba 0.58243560791015625 0.56580764055252075 0.54699516296386719 1)
    (color-rgba 0.78415745496749878 0.55294150114059448 0.78823560476303101 1)
    (color-rgba 0.5999792218208313 0.48968207836151123 0.33793899416923523 1)
    (color-rgba 0.093971870839595795 0.093971870839595795 0.093971870839595795 1)
    (color-rgba 0.042328525334596634 0.037933927029371262 0.11238269507884979 1)
    (color-rgba 0.16743724048137665 0.16743724048137665 0.16743724048137665 1)
    (color-rgba 0.35814449191093445 0.35814449191093445 0.35814449191093445 1)
    (color-rgba 0.24186046511627912 0.24186046511627912 0.24186046511627912 1)
    (color-rgba 0.28372093023255818 0.28372093023255818 0.28372093023255818 1)
    (color-rgba 0.4279069767441861 0.4279069767441861 0.4279069767441861 1)
    (color-rgba 0.52558139534883719 0.52558139534883719 0.52558139534883719 1)
    (color-rgba 0.61860465116279073 0.61860465116279073 0.61860465116279073 1)
    (color-rgba 0.94883720930232562 0.78557856414314275 0.28656157327922588 1)
    (color-rgba 0.011764707043766975 0.023529414087533951 0.17647059261798859 1)
    (color-rgba 0.73953488372093024 0 0 1)
    (color-rgba 1 0.20805369127516782 0.38486030903699098 1)
    (color-rgba 0.011764707043766975 0.035294119268655777 0.16470588743686676 1)
    (color-rgba 0 0.037209302325581284 1 1)
    (color-rgba 0 0.056333153055706194 0.8651162790697674 1)
    (color-rgba 0.67058825492858887 0.67058825492858887 0.67058825492858887 1)
    (color-rgba 1 0.56375838926174504 0.56375838926174504 1)
    (color-rgba 0.81395348837209303 0.4711961118108467 0.038239425628219172 1)
    (color-rgba 0.84705889225006104 0.7882353663444519 0.14509804546833038 1)
    (color-rgba 0.78039222955703735 0.78039222955703735 0.78039222955703735 1)
    (color-rgba 0.83255813953488378 0.74411751681482108 0.60346496019978157 1)
    (color-rgba 0.75348837209302322 0.66954268768534408 0.53603870766349304 1)
    (color-rgba 0.90697674418604657 0.76833260133357062 0.54783830185734361 1)
    (color-rgba 1 0.87329483377555817 0.33557046979865768 1)
    (color-rgba 1 0.99215692281723022 0 1)
    (color-rgba 0.47843140363693237 0.47843140363693237 0.47843140363693237 1)
    (color-rgba 0.83921575546264648 0.43137258291244507 0.52549022436141968 1)
    (color-rgba 0.90697674418604657 0.7608865303574216 0.86688687155400534 1)
    (color-rgba 0.68627452850341797 0.52549022436141968 0.57647061347961426 1)
    (color-rgba 0.81960791349411011 0.55686277151107788 0.5372549295425415 1)
    (color-rgba 0.95686280727386475 0.87843143939971924 0.82745105028152466 1)
    (color-rgba 0.61960786581039429 0.61176472902297974 0.68627452850341797 1)
    (color-rgba 0 0.25233644859813081 1 1))

# end of colorrc
